50 50
     1	15000.0 7500.0
     2	15000.0 7500.0
     3	15000.0 7500.0
     4	15000.0 7500.0
     5	15000.0 7500.0
     6	15000.0 7500.0
     7	15000.0 7500.0
     8	15000.0 7500.0
     9	15000.0 7500.0
    10	15000.0 7500.0
    11	15000.0 7500.0
    12	15000.0 7500.0
    13	15000.0 7500.0
    14	15000.0 7500.0
    15	15000.0 7500.0
    16	15000.0 7500.0
    17	15000.0 7500.0
    18	15000.0 7500.0
    19	15000.0 7500.0
    20	15000.0 7500.0
    21	15000.0 7500.0
    22	15000.0 7500.0
    23	15000.0 0.0
    24	15000.0 7500.0
    25	15000.0 7500.0
    26	15000.0 7500.0
    27	15000.0 7500.0
    28	15000.0 7500.0
    29	15000.0 7500.0
    30	15000.0 7500.0
    31	15000.0 7500.0
    32	15000.0 7500.0
    33	15000.0 7500.0
    34	15000.0 7500.0
    35	15000.0 7500.0
    36	15000.0 7500.0
    37	15000.0 7500.0
    38	15000.0 7500.0
    39	15000.0 7500.0
    40	15000.0 7500.0
    41	15000.0 7500.0
    42	15000.0 7500.0
    43	15000.0 7500.0
    44	15000.0 7500.0
    45	15000.0 7500.0
    46	15000.0 7500.0
    47	15000.0 7500.0
    48	15000.0 7500.0
    49	15000.0 7500.0
    50	15000.0 7500.0
     1	146.0
     2	87.0
     3	672.0
     4	1337.0
     5	31.0
     6	559.0
     7	2370.0
     8	1089.0
     9	33.0
    10	32.0
    11	5495.0
    12	904.0
    13	1466.0
    14	143.0
    15	615.0
    16	564.0
    17	226.0
    18	3016.0
    19	253.0
    20	195.0
    21	38.0
    22	807.0
    23	551.0
    24	304.0
    25	814.0
    26	337.0
    27	4368.0
    28	577.0
    29	482.0
    30	495.0
    31	231.0
    32	322.0
    33	685.0
    34	12912.0
    35	325.0
    36	366.0
    37	3671.0
    38	2213.0
    39	705.0
    40	328.0
    41	1681.0
    42	1117.0
    43	275.0
    44	500.0
    45	2241.0
    46	733.0
    47	222.0
    48	49.0
    49	1464.0
    50	222.0
1 1 2609.75000
1 2 2368.57500
1 3 38119.20000
1 4 94158.22500
1 5 1432.20000
1 6 29389.42500
1 7 181956.75000
1 8 70158.82500
1 9 1719.30000
1 10 1038.40000
1 11 282030.87500
1 12 50691.80000
1 13 87703.45000
1 14 8994.70000
1 15 22109.25000
1 16 16807.20000
1 17 10299.95000
1 18 175305.00000
1 19 14104.75000
1 20 4719.00000
1 21 2204.00000
1 22 33087.00000
1 23 29547.37500
1 24 19258.40000
1 25 32600.70000
1 26 19133.17500
1 27 175156.80000
1 28 31417.65000
1 29 22292.50000
1 30 35887.50000
1 31 12035.10000
1 32 16816.45000
1 33 33291.00000
1 34 946126.80000
1 35 11074.37500
1 36 15829.50000
1 37 260549.22500
1 38 137814.57500
1 39 45190.50000
1 40 22574.60000
1 41 80057.62500
1 42 58028.15000
1 43 11687.50000
1 44 19812.50000
1 45 107792.10000
1 46 50320.45000
1 47 13547.55000
1 48 1568.00000
1 49 101089.20000
1 50 7969.80000
2 1 3292.30000
2 2 1148.40000
2 3 28711.20000
2 4 75406.80000
2 5 1277.97500
2 6 21549.45000
2 7 151443.00000
2 8 56137.95000
2 9 1555.12500
2 10 879.20000
2 11 211282.75000
2 12 38013.20000
2 13 68425.55000
2 14 7014.15000
2 15 13806.75000
2 16 14001.30000
2 17 7390.20000
2 18 136474.00000
2 19 10872.67500
2 20 4738.50000
2 21 1718.55000
2 22 23443.35000
2 23 21819.60000
2 24 15154.40000
2 25 22120.45000
2 26 14415.17500
2 27 190444.80000
2 28 23339.65000
2 29 15532.45000
2 30 29205.00000
2 31 8916.60000
2 32 12300.40000
2 33 24043.50000
2 34 772783.20000
2 35 6516.25000
2 36 11730.30000
2 37 211357.82500
2 38 108160.37500
2 39 41683.12500
2 40 17974.40000
2 41 56481.60000
2 42 43758.47500
2 43 10319.37500
2 44 14312.50000
2 45 115691.62500
2 46 46673.77500
2 47 12443.10000
2 48 1572.90000
2 49 81178.80000
2 50 4856.25000
3 1 6739.72500
3 2 3204.86250
3 3 4914.00000
3 4 32372.11250
3 5 1715.46250
3 6 6421.51250
3 7 81972.37500
3 8 33391.46250
3 9 2020.83750
3 10 1459.60000
3 11 141015.43750
3 12 17684.50000
3 13 38207.62500
3 14 1953.73750
3 15 17181.56250
3 16 25640.85000
3 17 7031.42500
3 18 78453.70000
3 19 9452.71250
3 20 8597.06250
3 21 1581.27500
3 22 23170.98750
3 23 12087.56250
3 24 4883.00000
3 25 24063.87500
3 26 4124.03750
3 27 281463.00000
3 28 11056.76250
3 29 8585.62500
3 30 12480.18750
3 31 3727.76250
3 32 4673.02500
3 33 13451.68750
3 34 372672.60000
3 35 9745.93750
3 36 12055.12500
3 37 97602.71250
3 38 60774.51250
3 39 54470.06250
3 40 7146.30000
3 41 38011.61250
3 42 39723.31250
3 43 16111.56250
3 44 16981.25000
3 45 168663.26250
3 46 57109.86250
3 47 15576.07500
3 48 2542.48750
3 49 34056.30000
3 50 7095.67500
4 1 8933.37500
4 2 4509.86250
4 3 17161.20000
4 4 11548.33750
4 5 1883.63750
4 6 15994.38750
4 7 45118.87500
4 8 20160.11250
4 9 2186.66250
4 10 1709.20000
4 11 156813.56250
4 12 20961.50000
4 13 29484.92500
4 14 3076.28750
4 15 27575.06250
4 16 30561.75000
4 17 8472.17500
4 18 73100.30000
4 19 10186.41250
4 20 11897.43750
4 21 1691.47500
4 22 37575.93750
4 23 14277.78750
4 24 8660.20000
4 25 31410.22500
4 26 7502.46250
4 27 355282.20000
4 28 15023.63750
4 29 15815.62500
4 30 18630.56250
4 31 7937.73750
4 32 8907.32500
4 33 25678.93750
4 34 171891.00000
4 35 14620.93750
4 36 14909.92500
4 37 40426.88750
4 38 37261.38750
4 39 59493.18750
4 40 4104.10000
4 41 53182.63750
4 42 42962.61250
4 43 18256.56250
4 44 25818.75000
4 45 190737.11250
4 46 60151.81250
4 47 16502.92500
4 48 3371.81250
4 49 14036.10000
4 50 9693.07500
5 1 6803.60000
5 2 4028.10000
5 3 44553.60000
5 4 94124.80000
5 5 566.52500
5 6 35203.02500
5 7 179349.75000
5 8 68960.92500
5 9 797.77500
5 10 1024.80000
5 11 275986.37500
5 12 51754.00000
5 13 86090.85000
5 14 10270.97500
5 15 34163.25000
5 16 19556.70000
5 17 10011.80000
5 18 171987.40000
5 19 10309.75000
5 20 10320.37500
5 21 1302.45000
5 22 50155.05000
5 23 30208.57500
5 24 22473.20000
5 25 36263.70000
5 26 21736.50000
5 27 238383.60000
5 28 33379.45000
5 29 27305.30000
5 30 41122.12500
5 31 15528.97500
5 32 19038.25000
5 33 45466.87500
5 34 941607.60000
5 35 17265.62500
5 36 14887.05000
5 37 259264.37500
5 38 137095.35000
5 39 29821.50000
5 40 23542.20000
5 41 85773.02500
5 42 45043.02500
5 43 9625.00000
5 44 30875.00000
5 45 120397.72500
5 46 29943.05000
5 47 7348.20000
5 48 2975.52500
5 49 101528.40000
5 50 10916.85000
6 1 5984.17500
6 2 2752.46250
6 3 7030.80000
6 4 35112.96250
6 5 1580.61250
6 6 3514.71250
6 7 86890.12500
6 8 32030.21250
6 9 1877.28750
6 10 1320.40000
6 11 123980.93750
6 12 16554.50000
6 13 36375.12500
6 14 2400.61250
6 15 13983.56250
6 16 22905.45000
6 17 6048.32500
6 18 74683.70000
6 19 8668.41250
6 20 7583.06250
6 21 1463.47500
6 22 19559.66250
6 23 10393.23750
6 24 5240.20000
6 25 20115.97500
6 26 4258.83750
6 27 258749.40000
6 28 9282.48750
6 29 6079.22500
6 30 13061.81250
6 31 2988.56250
6 32 3674.82500
6 33 10386.31250
6 34 399465.00000
6 35 8055.93750
6 36 10463.02500
6 37 105128.26250
6 38 58008.26250
6 39 51403.31250
6 40 8089.30000
6 41 30699.26250
6 42 36260.61250
6 43 14832.81250
6 44 14743.75000
6 45 157010.06250
6 46 53921.31250
6 47 14610.37500
6 48 2287.68750
6 49 37057.50000
6 50 5941.27500
7 1 10355.05000
7 2 5457.07500
7 3 26409.60000
7 4 29982.22500
7 5 2152.17500
7 6 23701.60000
7 7 28499.25000
7 8 26544.37500
7 9 2480.77500
7 10 1995.20000
7 11 205925.12500
7 12 32069.40000
7 13 42477.35000
7 14 5044.32500
7 15 36054.37500
7 16 35602.50000
7 17 10492.05000
7 18 92515.80000
7 19 12441.27500
7 20 14113.12500
7 21 2030.15000
7 22 48702.45000
7 23 19877.32500
7 24 12851.60000
7 25 39682.50000
7 26 12148.85000
7 27 406770.00000
7 28 22113.52500
7 29 22449.15000
7 30 25455.37500
7 31 11116.87500
7 32 13346.90000
7 33 35106.25000
7 34 229188.00000
7 35 18070.00000
7 36 18181.05000
7 37 73603.55000
7 38 63568.42500
7 39 65177.25000
7 40 8618.20000
7 41 70728.07500
7 42 52917.87500
7 43 20714.37500
7 44 32575.00000
7 45 210766.05000
7 46 66703.00000
7 47 18481.50000
7 48 3928.57500
7 49 34221.00000
7 50 11999.10000
8 1 7650.40000
8 2 3845.40000
8 3 19622.40000
8 4 21024.32500
8 5 1577.90000
8 6 16197.02500
8 7 43134.00000
8 8 6370.65000
8 9 1869.45000
8 10 1402.40000
8 11 104130.25000
8 12 15322.80000
8 13 15319.70000
8 14 4089.80000
8 15 25399.50000
8 16 25154.40000
8 17 6305.40000
8 18 36644.40000
8 19 7754.45000
8 20 10500.75000
8 21 1326.20000
8 22 36072.90000
8 23 9670.05000
8 24 10822.40000
8 25 24603.15000
8 26 8180.67500
8 27 325852.80000
8 28 11424.60000
8 29 14122.60000
8 30 22151.25000
8 31 8229.37500
8 32 7880.95000
8 33 25927.25000
8 34 203364.00000
8 35 12049.37500
8 36 11400.90000
8 37 59561.97500
8 38 27330.55000
8 39 52117.12500
8 40 6428.80000
8 41 39587.55000
8 42 32225.45000
8 43 15620.00000
8 44 23312.50000
8 45 169251.52500
8 46 53124.17500
8 47 14368.95000
8 48 3020.85000
8 49 24448.80000
8 50 7886.55000
9 1 8084.75000
9 2 4791.52500
9 3 50450.40000
9 4 105322.17500
9 5 838.55000
9 6 40108.25000
9 7 199791.00000
9 8 78353.55000
9 9 697.95000
9 10 1305.60000
9 11 324205.00000
9 12 59686.60000
9 13 98955.00000
9 14 11525.80000
9 15 39559.87500
9 16 24505.80000
9 17 12559.95000
9 18 198000.40000
9 19 12529.82500
9 20 12031.50000
9 21 1635.90000
9 22 57236.47500
9 23 34960.95000
9 24 25140.80000
9 25 43406.55000
9 26 24693.67500
9 27 225170.40000
9 28 38298.37500
9 29 31534.85000
9 30 45465.75000
9 31 17556.00000
9 32 21863.80000
9 33 51477.75000
9 34 1052973.60000
9 35 20125.62500
9 36 18098.70000
9 37 291477.40000
9 38 156514.42500
9 39 27688.87500
9 40 26371.20000
9 41 100523.80000
9 42 54677.15000
9 43 8793.12500
9 44 35262.50000
9 45 113618.70000
9 46 27725.72500
9 47 6676.65000
9 48 3140.90000
9 49 114155.40000
9 50 12864.90000
10 1 4246.77500
10 2 2504.51250
10 3 35490.00000
10 4 79267.38750
10 5 876.13750
10 6 27663.51250
10 7 153664.87500
10 8 57158.88750
10 9 1127.36250
10 10 464.40000
10 11 216434.31250
10 12 41572.70000
10 13 70203.07500
10 14 8342.26250
10 15 23393.06250
10 16 9679.65000
10 17 6963.62500
10 18 139301.50000
10 19 10040.93750
10 20 6905.43750
10 21 1593.62500
10 22 36022.46250
10 23 23989.16250
10 24 18677.00000
10 25 26098.87500
10 26 17191.21250
10 27 205569.00000
10 28 25597.16250
10 29 21286.32500
10 30 34940.81250
10 31 12413.36250
10 32 14695.27500
10 33 34720.93750
10 34 801673.80000
10 35 11582.18750
10 36 9950.62500
10 37 219479.91250
10 38 113056.63750
10 39 32544.56250
10 40 19848.10000
10 41 63100.53750
10 42 40086.33750
10 43 7559.06250
10 44 22118.75000
10 45 103562.21250
10 46 37172.26250
10 47 9565.42500
10 48 2117.41250
10 49 85625.70000
10 50 7029.07500
11 1 5219.50000
11 2 2396.85000
11 3 13876.80000
11 4 29681.40000
11 5 1061.75000
11 6 10383.42500
11 7 65767.50000
11 8 16770.60000
11 9 1324.95000
11 10 869.60000
11 11 12638.50000
11 12 8429.80000
11 13 15832.80000
11 14 3428.42500
11 15 16297.50000
11 16 15763.80000
11 17 2542.50000
11 18 27445.60000
11 19 3542.00000
11 20 7254.00000
11 21 693.50000
11 22 26166.97500
11 23 3801.90000
11 24 8930.00000
11 25 11050.05000
11 26 5611.05000
11 27 253234.80000
11 28 5582.47500
11 29 7458.95000
11 30 19069.87500
11 31 5826.97500
11 32 4330.90000
11 33 17347.62500
11 34 322800.00000
11 35 7198.75000
11 36 5307.00000
11 37 83331.70000
11 38 30982.00000
11 39 40378.87500
11 40 7822.80000
11 41 15801.40000
11 42 13627.40000
11 43 11041.25000
11 44 16250.00000
11 45 131938.87500
11 46 40919.72500
11 47 10672.65000
11 48 2205.00000
11 49 31329.60000
11 50 4190.25000
12 1 5776.12500
12 2 2628.48750
12 3 9147.60000
12 4 21275.01250
12 5 1250.46250
12 6 7483.61250
12 7 58805.62500
12 8 13571.66250
12 9 1525.83750
12 10 1050.80000
12 11 46089.31250
12 12 1231.70000
12 13 11526.42500
12 14 2289.78750
12 15 15828.56250
12 16 18421.65000
12 17 3918.27500
12 18 23562.50000
12 19 5082.13750
12 20 7875.56250
12 21 924.82500
12 22 23493.78750
12 23 2252.21250
12 24 6798.20000
12 25 13644.67500
12 26 2952.96250
12 27 264755.40000
12 28 2430.61250
12 29 6609.42500
12 30 15598.68750
12 31 4628.66250
12 32 2861.77500
12 33 15249.81250
12 34 261306.60000
12 35 7592.81250
12 36 7379.47500
12 37 65940.33750
12 38 20497.91250
12 39 44494.31250
12 40 5211.10000
12 41 16494.81250
12 42 20427.13750
12 43 12598.43750
12 44 16268.75000
12 45 144628.53750
12 46 45381.86250
12 47 12024.07500
12 48 2361.18750
12 49 21905.10000
12 50 4847.92500
13 1 6641.17500
13 2 3220.08750
13 3 14977.20000
13 4 20071.71250
13 5 1363.61250
13 6 12332.93750
13 7 48555.37500
13 8 8861.73750
13 9 1646.28750
13 10 1181.20000
13 11 66146.06250
13 12 9073.90000
13 13 5185.97500
13 14 3530.31250
13 15 21148.31250
13 16 21255.75000
13 17 4743.17500
13 18 23034.70000
13 19 6005.58750
13 20 9152.81250
13 21 1063.52500
13 22 30494.51250
13 23 5847.48750
13 24 9435.40000
13 25 18976.37500
13 26 5851.16250
13 27 294457.80000
13 28 7436.08750
13 29 10790.77500
13 30 19892.81250
13 31 6632.58750
13 32 5655.12500
13 33 21192.18750
13 34 229995.00000
13 35 9802.81250
13 36 8870.92500
13 37 56946.38750
13 38 15076.06250
13 39 47243.81250
13 40 5621.10000
13 41 27925.61250
13 42 24504.18750
13 43 13719.06250
13 44 19856.25000
13 45 153760.61250
13 46 48057.31250
13 47 12834.37500
13 48 2682.13750
13 49 20807.10000
13 50 6351.97500
14 1 7816.47500
14 2 3859.53750
14 3 9987.60000
14 4 28595.08750
14 5 1923.93750
14 6 10627.98750
14 7 75277.12500
14 8 34044.86250
14 9 2242.76250
14 10 1674.80000
14 11 165880.31250
14 12 20938.90000
14 13 43485.22500
14 14 1217.28750
14 15 21809.43750
14 16 29433.75000
14 17 8551.27500
14 18 89311.30000
14 19 10597.53750
14 20 10064.43750
14 21 1760.82500
14 22 29263.83750
14 23 14071.16250
14 24 4715.80000
14 25 29538.02500
14 26 5337.23750
14 27 314332.20000
14 28 13292.63750
14 29 12212.67500
14 30 12207.93750
14 31 5471.81250
14 32 6838.47500
14 33 18623.43750
14 34 336196.20000
14 35 12191.56250
14 36 14516.47500
14 37 87232.13750
14 38 61549.06250
14 39 59211.18750
14 40 5744.10000
14 41 49316.33750
14 42 44777.73750
14 43 17960.93750
14 44 20756.25000
14 45 185526.78750
14 46 62039.28750
14 47 17069.02500
14 48 2911.21250
14 49 29883.90000
14 50 8766.22500
15 1 4374.52500
15 2 1838.96250
15 3 21848.40000
15 4 64292.98750
15 5 1524.03750
15 6 15840.66250
15 7 138615.37500
15 8 51550.53750
15 9 1817.06250
15 10 1133.20000
15 11 198300.81250
15 12 32781.30000
15 13 62653.17500
15 14 5553.76250
15 15 7310.81250
15 16 18478.05000
15 17 6856.27500
15 18 126332.70000
15 19 10274.96250
15 20 5467.31250
15 21 1628.77500
15 22 14919.41250
15 23 19650.03750
15 24 11943.40000
15 25 20197.37500
15 26 11613.86250
15 27 211356.60000
15 28 19279.01250
15 29 11525.82500
15 30 23976.56250
15 31 6476.66250
15 32 9623.77500
15 33 16808.18750
15 34 681269.40000
15 35 5780.93750
15 36 10865.62500
15 37 185247.83750
15 38 97731.61250
15 39 47631.56250
15 40 15256.10000
15 41 49862.66250
15 42 41119.56250
15 43 12502.18750
15 44 9331.25000
15 45 134768.13750
15 46 52583.58750
15 47 14205.22500
15 48 1756.03750
15 49 69009.30000
15 50 4903.42500
16 1 3847.10000
16 2 2266.35000
16 3 35330.40000
16 4 80186.57500
16 5 955.57500
16 6 27251.25000
16 7 155294.25000
16 8 57907.57500
16 9 1211.92500
16 10 546.40000
16 11 220212.12500
16 12 41335.40000
16 13 71210.95000
16 14 8308.30000
16 15 21709.50000
16 16 8135.70000
16 17 7119.00000
16 18 141375.00000
16 19 10214.87500
16 20 6371.62500
16 21 1619.75000
16 22 33813.30000
16 23 23844.52500
16 24 18148.80000
16 25 24684.55000
16 26 17111.17500
16 27 210756.00000
16 28 25460.12500
16 29 20448.85000
16 30 34080.75000
16 31 11884.95000
16 32 14610.75000
16 33 32845.75000
16 34 810550.80000
16 35 10692.50000
16 36 10202.25000
16 37 222003.72500
16 38 114578.07500
16 39 34351.12500
16 40 19762.00000
16 41 62659.27500
16 42 40854.27500
16 43 7885.62500
16 44 20750.00000
16 45 109304.77500
16 46 39050.57500
16 47 10134.30000
16 48 1983.27500
16 49 86632.20000
16 50 6421.35000
17 1 5033.35000
17 2 2285.92500
17 3 20546.40000
17 4 47630.62500
17 5 1016.80000
17 6 15232.75000
17 7 97584.75000
17 8 31390.42500
17 9 1359.60000
17 10 738.40000
17 11 86408.87500
17 12 20566.00000
17 13 35513.85000
17 14 5162.30000
17 15 15513.37500
17 16 13451.40000
17 17 1531.15000
17 18 67935.40000
17 19 4313.65000
17 20 7005.37500
17 21 733.40000
17 22 25682.77500
17 23 11199.07500
17 24 11947.20000
17 25 10012.20000
17 26 9697.17500
17 27 242970.00000
17 28 12766.12500
17 29 11037.80000
17 30 23982.75000
17 31 7270.72500
17 32 7526.75000
17 33 22433.75000
17 34 496143.60000
17 35 6792.50000
17 36 3806.40000
17 37 132614.87500
17 38 60691.52500
17 39 38581.12500
17 40 12226.20000
17 41 25677.27500
17 42 14800.25000
17 43 9913.75000
17 44 16000.00000
17 45 122750.77500
17 46 40589.87500
17 47 10572.75000
17 48 2142.52500
17 49 50983.80000
17 50 3907.20000
18 1 6429.47500
18 2 3117.86250
18 3 15111.60000
18 4 25921.08750
18 5 1318.66250
18 6 12444.73750
18 7 53176.87500
18 8 10985.28750
18 9 1593.48750
18 10 1134.80000
18 11 58178.31250
18 12 9254.70000
18 13 11563.07500
18 14 3558.91250
18 15 20779.31250
18 16 20437.95000
18 17 4415.47500
18 18 11423.10000
18 19 5638.73750
18 20 8870.06250
18 21 1008.42500
18 22 30655.91250
18 23 6260.73750
18 24 9496.20000
18 25 17796.07500
18 26 5918.56250
18 27 289434.60000
18 28 7551.48750
18 29 10887.17500
18 30 19991.81250
18 31 6678.78750
18 32 5719.52500
18 33 21329.18750
18 34 258078.60000
18 35 9607.81250
18 36 8340.22500
18 37 73007.01250
18 38 24757.93750
18 39 46820.81250
18 40 7047.90000
18 41 26917.01250
18 42 22884.53750
18 43 13320.31250
18 44 19556.25000
18 45 150511.16250
18 46 46994.46250
18 47 12512.47500
18 48 2611.08750
18 49 27212.10000
18 50 6030.07500
19 1 6719.65000
19 2 3299.47500
19 3 25670.40000
19 4 53179.17500
19 5 949.37500
19 6 20193.87500
19 7 107361.00000
19 8 35882.55000
19 9 1205.32500
19 10 1066.40000
19 11 109075.75000
19 12 24295.00000
19 13 41561.10000
19 14 5938.07500
19 15 22678.12500
19 16 19232.40000
19 17 4164.05000
19 18 80376.40000
19 19 2061.95000
19 20 9277.12500
19 21 555.75000
19 22 35084.32500
19 23 13471.95000
19 24 14265.20000
19 25 19495.30000
19 26 11525.40000
19 27 287742.00000
19 28 15708.82500
19 29 16351.85000
19 30 27757.12500
19 31 9817.50000
19 32 9982.00000
19 33 29985.87500
19 34 549405.60000
19 35 10578.75000
19 36 7557.90000
19 37 147849.52500
19 38 69875.47500
19 39 37823.25000
19 40 13579.20000
19 41 44210.30000
19 42 13348.15000
19 43 12732.50000
19 44 21825.00000
19 45 145721.02500
19 46 38262.60000
19 47 9867.90000
19 48 2713.37500
19 49 57059.40000
19 50 6493.50000
20 1 3660.95000
20 2 2596.95000
20 3 37312.80000
20 4 95094.12500
20 5 1655.40000
20 6 28704.65000
20 7 187467.00000
20 8 72690.75000
20 9 1956.90000
20 10 1268.80000
20 11 294806.75000
20 12 52228.60000
20 13 91111.90000
20 14 8844.55000
20 15 21463.50000
20 16 20868.00000
20 17 10825.40000
20 18 182317.20000
20 19 14718.27500
20 20 3656.25000
20 21 2296.15000
20 22 31815.97500
20 23 30993.75000
20 24 19106.40000
20 25 34493.25000
20 26 19369.07500
20 27 170788.80000
20 28 32571.65000
20 29 22629.90000
20 30 35640.00000
20 31 11792.55000
20 32 17041.85000
20 33 32571.75000
20 34 987768.00000
20 35 11927.50000
20 36 17293.50000
20 37 269818.50000
20 38 142959.80000
20 39 48504.00000
20 40 22804.20000
20 41 82915.32500
20 42 60736.87500
20 43 13667.50000
20 44 17087.50000
20 45 113954.85000
20 46 53765.55000
20 47 15145.95000
20 48 1300.95000
20 49 102699.60000
20 50 8552.55000
21 1 7358.40000
21 2 3680.10000
21 3 29954.40000
21 4 61702.55000
21 5 814.52500
21 6 23757.50000
21 7 122469.75000
21 8 42824.92500
21 9 1061.77500
21 10 1206.40000
21 11 144106.37500
21 12 30058.00000
21 13 50906.85000
21 14 6878.30000
21 15 25368.75000
21 16 21699.90000
21 17 5152.80000
21 18 99603.40000
21 19 4237.75000
21 20 10130.25000
21 21 390.45000
21 22 38614.95000
21 23 16984.57500
21 24 16203.20000
21 25 23056.55000
21 26 13673.77500
21 27 273327.60000
21 28 19387.20000
21 29 18460.60000
21 30 30912.75000
21 31 10828.12500
21 32 12034.75000
21 33 32982.75000
21 34 631719.60000
21 35 12000.62500
21 36 9159.15000
21 37 171160.37500
21 38 83983.35000
21 39 35461.50000
21 40 15670.20000
21 41 51564.67500
21 42 18235.02500
21 43 11825.00000
21 44 24012.50000
21 45 138325.72500
21 46 35074.05000
21 47 8902.20000
21 48 2927.75000
21 49 66392.40000
21 50 7464.75000
22 1 5396.52500
22 2 2582.81250
22 3 23679.60000
22 4 69206.46250
22 5 1789.08750
22 6 17769.21250
22 7 147325.12500
22 8 57376.68750
22 9 2099.21250
22 10 1406.80000
22 11 241573.93750
22 12 37595.10000
22 13 70496.27500
22 14 5947.01250
22 15 12569.06250
22 16 23300.25000
22 17 8788.57500
22 18 144881.10000
22 19 12438.11250
22 20 6729.93750
22 21 1953.67500
22 22 11166.86250
22 23 22873.38750
22 24 11616.60000
22 25 27157.07500
22 26 12852.33750
22 27 239639.40000
22 28 22351.53750
22 29 14092.47500
22 30 23444.43750
22 31 6101.28750
22 32 11338.42500
22 33 15695.06250
22 34 728398.20000
22 35 8559.68750
22 36 13994.92500
22 37 198738.76250
22 38 109515.83750
22 39 53659.31250
22 40 16305.70000
22 41 61965.86250
22 42 50669.91250
22 43 14853.43750
22 44 9543.75000
22 45 149278.61250
22 46 58814.08750
22 47 16103.32500
22 48 2073.31250
22 49 74352.90000
22 50 6801.52500
23 1 5219.50000
23 2 2296.80000
23 3 9828.00000
23 4 23096.67500
23 5 1133.05000
23 6 7029.42500
23 7 56998.50000
23 8 12741.30000
23 9 1395.90000
23 10 928.80000
23 11 25277.00000
23 12 2463.40000
23 13 10371.95000
23 14 2434.57500
23 15 14621.62500
23 16 16271.40000
23 17 3062.30000
23 18 22846.20000
23 19 4123.90000
23 20 7312.50000
23 21 780.90000
23 22 22333.72500
23 23 0.00000
23 24 7106.00000
23 25 10541.30000
23 26 3268.90000
23 27 248102.40000
23 28 1601.17500
23 29 5916.55000
23 30 16099.87500
23 31 4440.97500
23 32 2398.90000
23 33 14693.25000
23 34 261790.80000
23 35 6353.75000
23 36 5984.10000
23 37 65986.22500
23 38 20525.57500
23 39 42775.87500
23 40 5658.00000
23 41 10086.00000
23 42 16196.50000
23 43 11550.00000
23 44 14550.00000
23 45 136084.72500
23 46 42605.62500
23 47 11183.25000
23 48 2174.37500
23 49 23899.80000
23 50 4001.55000
24 1 8345.72500
24 2 4205.36250
24 3 13734.00000
24 4 42165.63750
24 5 2087.46250
24 6 12654.36250
24 7 99391.87500
24 8 45125.43750
24 9 2416.83750
24 10 1875.60000
24 11 212999.93750
24 12 29549.50000
24 13 57448.87500
24 14 2672.31250
24 15 24038.81250
24 16 32126.85000
24 17 9992.02500
24 18 118038.70000
24 19 12767.01250
24 20 10878.56250
24 21 2079.07500
24 22 29102.43750
24 23 19319.43750
24 24 3553.00000
24 25 33424.87500
24 26 8547.16250
24 27 332568.60000
24 28 18629.88750
24 29 13959.92500
24 30 10314.56250
24 31 5425.61250
24 32 8891.22500
24 33 18486.43750
24 34 467575.80000
24 35 13369.68750
24 36 16447.12500
24 37 124584.56250
24 38 84066.33750
24 39 64357.68750
24 40 9081.50000
24 41 58183.61250
24 42 54356.01250
24 43 19329.06250
24 44 20656.25000
24 45 193650.41250
24 46 65905.86250
24 47 18240.07500
24 48 3115.78750
24 49 44780.10000
24 50 9570.97500
25 1 4182.90000
25 2 1779.15000
25 3 19303.20000
25 4 48700.22500
25 5 1015.25000
25 6 13919.10000
25 7 102384.00000
25 8 33595.65000
25 9 1275.45000
25 10 768.80000
25 11 97536.25000
25 12 19775.00000
25 13 38482.50000
25 14 4897.75000
25 15 11931.00000
25 16 12619.50000
25 17 2712.00000
25 18 74042.80000
25 19 5635.57500
25 20 5869.50000
25 21 931.95000
25 22 20982.00000
25 23 10703.17500
25 24 10898.40000
25 25 5270.65000
25 26 9073.72500
25 27 222222.00000
25 28 11698.67500
25 29 8953.15000
25 30 22275.00000
25 31 6843.37500
25 32 6931.05000
25 33 19385.50000
25 34 512606.40000
25 35 4891.25000
25 36 4154.10000
25 37 137295.40000
25 38 63513.10000
25 39 39250.87500
25 40 11939.20000
25 41 22567.42500
25 42 20636.57500
25 43 10071.87500
25 44 13087.50000
25 45 124879.72500
25 46 40553.22500
25 47 10561.65000
25 48 1857.10000
25 49 51935.40000
25 50 2614.05000
26 1 6387.50000
26 2 2994.97500
26 3 6568.80000
26 4 24701.07500
26 5 1583.32500
26 6 6260.80000
26 7 68433.75000
26 8 25346.47500
26 9 1880.17500
26 10 1323.20000
26 11 105504.00000
26 12 11074.00000
26 13 27377.55000
26 14 1741.02500
26 15 16866.37500
26 16 23236.80000
26 17 6068.10000
26 18 56173.00000
26 19 7817.70000
26 20 8497.12500
26 21 1335.70000
26 22 23524.05000
26 23 8017.05000
26 24 5631.60000
26 25 20594.20000
26 26 1634.45000
26 27 279224.40000
26 28 6794.17500
26 29 7422.80000
26 30 13699.12500
26 31 4123.35000
26 32 3300.50000
26 33 13751.37500
26 34 298912.80000
26 35 8961.87500
26 36 10495.05000
26 37 76540.35000
26 38 44425.97500
26 39 51465.00000
26 40 5543.20000
26 41 30846.35000
26 42 32504.70000
26 43 15090.62500
26 44 17100.00000
26 45 163256.85000
26 46 53307.42500
26 47 14424.45000
26 48 2517.37500
26 49 25656.60000
26 50 6560.10000
27 1 7391.25000
27 2 5115.60000
27 3 57472.80000
27 4 135170.70000
27 5 2005.70000
27 6 45474.65000
27 7 259515.00000
27 8 105796.35000
27 9 1940.40000
27 10 1950.40000
27 11 461992.12500
27 12 79235.60000
27 13 135275.15000
27 14 13134.55000
27 15 39913.50000
27 16 35094.90000
27 17 17458.50000
27 18 274079.00000
27 19 21789.62500
27 20 9506.25000
27 21 3066.60000
27 22 56025.97500
27 23 46945.20000
27 24 28226.40000
27 25 59259.20000
27 26 29479.07500
27 27 124051.20000
27 28 49650.85000
27 29 37089.90000
27 30 50490.00000
27 31 18722.55000
27 32 26701.85000
27 33 53121.75000
27 34 1361570.40000
27 35 21336.25000
27 36 26946.75000
27 37 378755.42500
27 38 209073.17500
27 39 40960.50000
27 40 32644.20000
27 41 133135.20000
27 42 91957.02500
27 43 13193.12500
27 44 32087.50000
27 45 89976.15000
27 46 45922.45000
27 47 14940.60000
27 48 2006.55000
27 49 147937.20000
27 50 14979.45000
28 1 5542.52500
28 2 2491.46250
28 3 8895.60000
28 4 25118.88750
28 5 1269.83750
28 6 6253.81250
28 7 65619.37500
28 8 16702.53750
28 9 1538.21250
28 10 999.60000
28 11 48149.93750
28 12 3830.70000
28 13 15741.17500
28 14 2275.48750
28 15 14091.18750
28 16 17533.35000
28 17 3782.67500
28 18 32233.50000
28 19 5177.01250
28 20 7622.06250
28 21 939.07500
28 22 21214.01250
28 23 2293.53750
28 24 6684.20000
28 25 12362.62500
28 26 2801.31250
28 27 257875.80000
28 28 800.58750
28 29 5247.77500
28 30 15413.06250
28 31 4120.46250
28 32 1952.12500
28 33 13742.81250
28 34 298428.60000
28 35 7495.31250
28 36 6793.87500
28 37 76494.46250
28 38 26860.28750
28 39 44335.68750
28 40 6154.10000
28 41 13847.23750
28 42 20846.01250
28 43 12158.43750
28 44 14856.25000
28 45 141042.93750
28 46 46572.98750
28 47 12384.82500
28 48 2297.48750
28 49 26114.10000
28 50 4498.27500
29 1 5038.82500
29 2 2189.13750
29 3 11180.40000
29 4 40527.81250
29 5 1379.88750
29 6 6966.53750
29 7 96429.37500
29 8 32220.78750
29 9 1663.61250
29 10 1145.20000
29 11 106122.18750
29 12 16712.70000
29 13 36631.67500
29 14 3283.63750
29 15 11169.93750
29 16 19253.55000
29 17 5031.32500
29 18 75211.50000
29 19 8073.86250
29 20 6695.81250
29 21 1298.17500
29 22 17380.76250
29 23 10145.28750
29 24 7117.40000
29 25 14845.32500
29 26 5623.68750
29 27 238875.00000
29 28 9022.83750
29 29 2958.27500
29 30 16118.43750
29 31 3693.11250
29 32 3900.22500
29 33 10951.43750
29 34 451435.80000
29 35 5951.56250
29 36 8459.17500
29 37 119995.81250
29 38 58395.53750
29 39 48318.93750
29 40 9417.70000
29 41 23134.76250
29 42 31401.66250
29 43 13052.18750
29 44 12481.25000
29 45 142499.58750
29 46 49175.13750
29 47 13172.92500
29 48 2064.73750
29 49 42986.70000
29 50 4503.82500
30 1 10349.57500
30 2 5399.43750
30 3 22957.20000
30 4 60515.96250
30 5 2512.93750
30 6 20326.63750
30 7 131920.12500
30 8 60071.96250
30 9 2869.76250
30 10 2314.80000
30 11 288418.81250
30 12 41956.90000
30 13 77569.72500
30 14 4634.98750
30 15 32479.68750
30 16 39867.75000
30 17 13093.87500
30 18 159433.30000
30 19 16239.43750
30 20 13554.93750
30 21 2600.62500
30 22 40178.51250
30 23 26881.91250
30 24 7725.40000
30 25 44597.02500
30 26 13172.48750
30 27 392519.40000
30 28 26549.21250
30 29 20575.37500
30 30 8049.93750
30 31 8596.08750
30 32 13310.67500
30 33 27888.06250
30 34 644793.00000
30 35 17830.31250
30 36 21470.47500
30 37 174969.03750
30 38 114439.76250
30 39 73399.31250
30 40 13583.30000
30 41 81255.33750
30 42 69686.83750
30 43 23103.43750
30 44 27518.75000
30 45 224408.13750
30 46 75966.28750
30 47 21287.02500
30 48 3788.31250
30 49 64873.50000
30 50 12617.92500
31 1 6400.27500
31 2 3046.08750
31 3 12390.00000
31 4 47246.23750
31 5 1815.43750
31 6 9090.73750
31 7 108338.62500
31 8 42892.98750
31 9 2127.26250
31 10 1562.80000
31 11 178793.56250
31 12 25571.90000
31 13 50998.47500
31 14 3544.61250
31 15 15843.93750
31 16 26303.55000
31 17 7754.62500
31 18 104768.30000
31 19 11122.51250
31 20 8172.93750
31 21 1756.07500
31 22 17905.31250
31 23 15889.46250
31 24 6509.40000
31 25 26668.67500
31 26 7620.41250
31 27 271962.60000
31 28 15038.06250
31 29 9380.92500
31 30 15128.43750
31 31 2220.48750
31 32 6886.77500
31 33 8982.06250
31 34 516318.60000
31 35 10200.93750
31 36 13235.47500
31 37 138442.58750
31 38 80082.93750
31 39 57395.81250
31 40 10795.30000
31 41 43390.81250
31 42 44861.51250
31 43 16310.93750
31 44 13718.75000
31 45 164573.43750
31 46 59473.78750
31 47 16292.02500
31 48 2435.91250
31 49 50343.30000
31 50 7978.12500
32 1 5558.95000
32 2 2499.07500
32 3 7341.60000
32 4 30416.75000
32 5 1381.82500
32 6 4947.15000
32 7 78565.50000
32 8 24339.15000
32 9 1665.67500
32 10 1115.20000
32 11 81738.12500
32 12 10170.00000
32 13 26021.50000
32 14 2352.35000
32 15 13360.87500
32 16 19556.70000
32 17 4593.45000
32 18 53383.20000
32 19 6723.47500
32 20 7390.50000
32 21 1171.35000
32 22 20255.70000
32 23 6157.42500
32 24 5973.60000
32 25 15282.85000
32 26 3075.12500
32 27 254436.00000
32 28 4846.80000
32 29 4675.40000
32 30 14256.00000
32 31 3580.50000
32 32 1199.45000
32 33 12141.62500
32 34 354111.60000
32 35 7109.37500
32 36 8116.05000
32 37 92233.87500
32 38 42378.95000
32 39 46882.50000
32 40 6937.20000
32 41 19877.82500
32 42 27673.67500
32 43 14031.87500
32 44 14262.50000
32 45 150483.15000
32 46 49220.95000
32 47 13186.80000
32 48 2239.30000
32 49 31915.20000
32 50 5294.70000
33 1 6051.70000
33 2 2838.37500
33 3 15489.60000
33 4 52911.77500
33 5 1823.57500
33 6 10956.40000
33 7 118381.50000
33 8 46527.52500
33 9 2135.92500
33 10 1500.80000
33 11 185456.25000
33 12 28589.00000
33 13 55891.25000
33 14 4204.20000
33 15 14375.62500
33 16 24957.00000
33 17 8294.20000
33 18 114834.20000
33 19 11726.55000
33 20 7707.37500
33 21 1846.80000
33 22 15978.60000
33 23 17728.42500
33 24 7911.60000
33 25 26495.70000
33 26 8745.15000
33 27 261534.00000
33 28 16963.80000
33 29 9917.15000
33 30 17411.62500
33 31 3285.97500
33 32 7961.45000
33 33 7346.62500
33 34 575875.20000
33 35 9514.37500
33 36 13697.55000
33 37 155375.07500
33 38 87468.82500
33 39 55712.62500
33 40 12308.20000
33 41 47404.20000
33 42 47528.35000
33 43 15654.37500
33 44 12525.00000
33 45 160511.62500
33 46 61003.92500
33 47 16755.45000
33 48 2318.92500
33 49 56510.40000
33 50 7448.10000
34 1 9568.47500
34 2 4940.51250
34 3 21294.00000
34 4 19804.31250
34 5 2008.41250
34 6 19446.21250
34 7 37594.12500
34 8 21820.83750
34 9 2327.73750
34 10 1846.80000
34 11 180442.06250
34 12 26227.30000
34 13 35788.72500
34 14 3955.73750
34 15 31372.68750
34 16 32986.95000
34 17 9443.97500
34 18 79433.90000
34 19 11267.98750
34 20 13238.06250
34 21 1853.92500
34 22 42538.98750
34 23 16757.28750
34 24 10537.40000
34 25 35297.07500
34 26 9583.43750
34 27 380835.00000
34 28 18384.66250
34 29 18779.92500
34 30 21687.18750
34 31 9358.38750
34 32 10895.67500
34 33 30148.56250
34 34 130895.40000
34 35 16229.68750
34 36 16483.72500
34 37 45566.28750
34 38 46721.96250
34 39 61907.81250
34 40 6121.30000
34 41 61209.41250
34 42 47737.78750
34 43 19439.06250
34 44 28893.75000
34 45 200373.41250
34 46 63303.71250
34 47 17451.97500
34 48 3664.58750
34 49 23076.30000
34 50 10753.12500
35 1 3792.35000
35 2 1446.37500
35 3 21806.40000
35 4 61669.12500
35 5 1383.37500
35 6 15805.72500
35 7 126439.50000
35 8 44649.00000
35 9 1668.15000
35 10 988.80000
35 11 162789.37500
35 12 28724.60000
35 13 53362.40000
35 14 5544.82500
35 15 9640.12500
35 16 15933.00000
35 17 5401.40000
35 18 107218.80000
35 19 8646.27500
35 20 5406.37500
35 21 1384.15000
35 22 17975.92500
35 23 16158.07500
35 24 11924.40000
35 25 14936.90000
35 26 10952.50000
35 27 205405.20000
35 28 18146.65000
35 29 10579.90000
35 30 23945.62500
35 31 7288.05000
35 32 8991.85000
35 33 19402.62500
35 34 640112.40000
35 35 3176.87500
35 36 8500.35000
35 37 173638.30000
35 38 85421.80000
35 39 44450.25000
35 40 14604.20000
35 41 39209.32500
35 42 33928.87500
35 43 11261.25000
35 44 11225.00000
35 45 123367.05000
35 46 49184.30000
35 47 13197.90000
35 48 1740.72500
35 49 66429.00000
35 50 3124.65000
36 1 4898.30000
36 2 2351.17500
36 3 22713.60000
36 4 53847.67500
36 5 947.82500
36 6 17035.52500
36 7 108605.25000
36 8 36454.27500
36 9 1203.67500
36 10 667.20000
36 11 111960.62500
36 12 24385.40000
36 13 42330.75000
36 14 5623.47500
36 15 15974.62500
36 16 12196.50000
36 17 2666.80000
36 18 81959.80000
36 19 5230.77500
36 20 7151.62500
36 21 871.15000
36 22 26288.02500
36 23 13513.27500
36 24 12593.20000
36 25 10622.70000
36 26 10784.00000
36 27 233251.20000
36 28 14626.95000
36 29 12122.30000
36 30 25034.62500
36 31 8021.47500
36 32 8573.25000
36 33 23889.37500
36 34 556184.40000
36 35 7028.12500
36 36 2992.05000
36 37 149685.02500
36 38 70981.97500
36 39 37012.50000
36 40 13612.00000
36 41 31140.52500
36 42 18849.37500
36 43 9301.87500
36 44 16375.00000
36 45 117764.55000
36 46 38958.95000
36 47 10078.80000
36 48 2179.27500
36 49 57791.40000
36 50 4073.70000
37 1 9064.77500
37 2 4642.53750
37 3 18992.40000
37 4 15191.66250
37 5 1901.46250
37 6 17517.66250
37 7 40319.62500
37 8 21085.76250
37 9 2218.83750
37 10 1736.40000
37 11 161484.31250
37 12 23131.10000
37 13 30731.02500
37 14 3465.96250
37 15 29250.93750
37 16 31041.15000
37 17 8664.27500
37 18 75663.90000
37 19 10401.46250
37 20 12428.81250
37 21 1722.82500
37 22 39775.01250
37 23 14856.33750
37 24 9496.20000
37 25 32488.77500
37 26 8420.78750
37 27 365874.60000
37 28 16408.43750
37 29 17129.07500
37 30 19991.81250
37 31 8567.21250
37 32 9784.77500
37 33 27802.43750
37 34 145421.40000
37 35 15116.56250
37 36 15221.02500
37 37 32993.11250
37 38 39142.43750
37 39 59475.56250
37 40 4997.90000
37 41 55409.96250
37 42 43884.13750
37 43 18490.31250
37 44 27181.25000
37 45 192641.96250
37 46 60774.86250
37 47 16686.07500
37 48 3495.53750
37 49 18025.50000
37 50 9987.22500
38 1 7159.47500
38 2 3507.18750
38 3 16657.20000
38 4 17163.73750
38 5 1497.68750
38 6 13730.43750
38 7 50569.87500
38 8 12128.73750
38 9 1789.01250
38 10 1318.80000
38 11 89774.56250
38 12 11333.90000
38 13 11599.72500
38 14 3423.06250
38 15 22701.18750
38 16 23680.95000
38 17 5714.97500
38 18 36305.10000
38 19 7099.81250
38 20 9845.06250
38 21 1227.87500
38 22 32512.01250
38 23 7665.78750
38 24 9405.00000
38 25 21866.07500
38 26 6693.66250
38 27 308872.20000
38 28 8878.58750
38 29 11995.77500
38 30 19843.31250
38 31 7210.08750
38 32 6460.12500
38 33 22904.68750
38 34 201588.60000
38 35 10875.31250
38 36 10444.72500
38 37 48961.96250
38 38 10262.78750
38 39 50292.93750
38 40 4907.70000
38 41 33472.91250
38 42 29335.21250
38 43 14901.56250
38 44 21506.25000
38 45 163396.91250
38 46 51227.53750
38 47 13794.52500
38 48 2856.08750
38 49 17622.90000
38 50 7090.12500
39 1 11178.12500
39 2 6634.83750
39 3 67393.20000
39 4 141838.98750
39 5 1685.23750
39 6 54202.03750
39 7 262507.12500
39 8 107171.21250
39 9 1599.26250
39 10 1983.60000
39 11 468792.18750
39 12 83247.10000
39 13 137529.12500
39 14 15131.18750
39 15 52897.68750
39 16 36455.55000
39 17 17692.97500
39 18 280374.90000
39 19 19186.88750
39 20 15675.56250
39 21 2673.77500
39 22 74738.28750
39 23 50147.88750
39 24 33421.00000
39 25 64743.52500
39 26 33190.28750
39 27 262243.80000
39 28 52990.23750
39 29 44699.47500
39 30 58502.81250
39 31 23593.76250
39 32 29982.22500
39 33 67566.68750
39 34 1394657.40000
39 35 27174.06250
39 36 27326.47500
39 37 388070.58750
39 38 214743.98750
39 39 21387.93750
39 40 35329.70000
39 41 142906.01250
39 42 84235.76250
39 43 14420.31250
39 44 46393.75000
39 45 108212.28750
39 46 25572.53750
39 47 8777.32500
39 48 3556.78750
39 49 155129.10000
39 50 17673.97500
40 1 8697.95000
40 2 4369.57500
40 3 15523.20000
40 4 16712.50000
40 5 1925.87500
40 6 15093.00000
40 7 54213.75000
40 8 24366.37500
40 9 2239.87500
40 10 1748.00000
40 11 165811.62500
40 12 20927.60000
40 13 32581.85000
40 14 2520.37500
40 15 26598.75000
40 16 30709.80000
40 17 8842.25000
40 18 79396.20000
40 19 10594.37500
40 20 11583.00000
40 21 1752.75000
40 22 35911.50000
40 23 14257.12500
40 24 7486.00000
40 25 31379.70000
40 26 6967.47500
40 27 348348.00000
40 28 15002.00000
40 29 15038.40000
40 30 16718.62500
40 31 7374.67500
40 32 8388.10000
40 33 24266.12500
40 34 221440.80000
40 35 14096.87500
40 36 15353.70000
40 37 54606.12500
40 38 41936.35000
40 39 60630.00000
40 40 2829.00000
40 41 53119.60000
40 42 44763.77500
40 43 18590.00000
40 44 24875.00000
40 45 193454.32500
40 46 61352.10000
40 47 16860.90000
40 48 3292.80000
40 49 16909.20000
40 50 9684.75000
41 1 4781.50000
41 2 2035.80000
41 3 12297.60000
41 4 34762.00000
41 5 1108.25000
41 6 8371.02500
41 7 78328.50000
41 8 22542.30000
41 9 1374.45000
41 10 832.80000
41 11 55499.50000
41 12 10350.80000
41 13 23565.95000
41 14 3406.97500
41 15 12776.62500
41 16 14579.40000
41 17 2599.00000
41 18 45918.60000
41 19 5350.95000
41 20 6547.12500
41 21 889.20000
41 22 21002.17500
41 23 4959.00000
41 24 7881.20000
41 25 8099.30000
41 26 5560.50000
41 27 234998.40000
41 28 5683.45000
41 29 5121.25000
41 30 17362.12500
41 31 4435.20000
41 32 3574.20000
41 33 14025.37500
41 34 377998.80000
41 35 5378.75000
41 36 4886.10000
41 37 99025.22500
41 38 40442.57500
41 39 40660.87500
41 40 8519.80000
41 41 5043.00000
41 42 19379.95000
41 43 10725.00000
41 44 13050.00000
41 45 129361.72500
41 46 42752.22500
41 47 11227.65000
41 48 2072.70000
41 49 36673.20000
41 50 3335.55000
42 1 6033.45000
42 2 2890.57500
42 3 23856.00000
42 4 49569.27500
42 5 908.30000
42 6 18684.57500
42 7 100962.00000
42 8 32942.25000
42 9 1156.65000
42 10 916.00000
42 11 94239.25000
42 12 21854.20000
42 13 37602.90000
42 14 5551.97500
42 15 19787.62500
42 16 16581.60000
42 17 3101.85000
42 18 72233.20000
42 19 2795.65000
42 20 8360.62500
42 21 505.40000
42 22 31291.42500
42 23 11984.25000
42 24 13444.40000
42 25 15669.50000
42 26 10615.50000
42 27 267212.40000
42 28 14150.92500
42 29 14086.45000
42 30 26420.62500
42 31 8731.80000
42 32 9112.60000
42 33 26766.37500
42 34 514543.20000
42 35 9051.25000
42 36 5837.70000
42 37 137846.05000
42 38 63900.37500
42 39 36889.12500
42 40 12693.60000
42 41 36309.60000
42 42 8098.25000
42 43 11440.00000
42 44 19475.00000
42 45 135188.32500
42 46 37291.37500
42 47 9573.75000
42 48 2483.07500
42 49 53106.60000
42 50 5450.10000
43 1 6661.25000
43 2 3943.27500
43 3 48568.80000
43 4 105288.75000
43 5 1169.47500
43 6 38375.35000
43 7 199791.00000
43 8 78353.55000
43 9 1050.22500
43 10 1087.20000
43 11 323380.75000
43 12 59166.80000
43 13 98735.10000
43 14 11125.40000
43 15 33563.62500
43 16 19881.00000
43 17 11362.15000
43 18 198000.40000
43 19 14964.95000
43 20 10130.25000
43 21 2041.55000
43 22 49368.22500
43 23 34713.00000
43 24 24198.40000
43 25 41636.10000
43 26 23935.42500
43 27 177231.60000
43 28 36827.02500
43 29 30040.65000
43 30 43931.25000
43 31 16331.70000
43 32 21992.60000
43 33 46032.00000
43 34 1052973.60000
43 35 16956.87500
43 36 17073.90000
43 37 290926.75000
43 38 156127.15000
43 39 30385.50000
43 40 26231.80000
43 41 95817.00000
43 42 61825.95000
43 43 5775.00000
43 44 30675.00000
43 45 93057.52500
43 46 34927.45000
43 47 9046.50000
43 48 2603.12500
43 49 114118.80000
43 50 10694.85000
44 1 5299.80000
44 2 2607.82500
44 3 27686.40000
44 4 76944.35000
44 5 1798.77500
44 6 21102.25000
44 7 160389.75000
44 8 60248.92500
44 9 2109.52500
44 10 1416.80000
44 11 245901.25000
44 12 41335.40000
44 13 74362.85000
44 14 6799.65000
44 15 13114.87500
44 16 23476.50000
44 17 8989.15000
44 18 150423.00000
44 19 12662.65000
44 20 5845.12500
44 21 1987.40000
44 22 15978.60000
44 23 24051.15000
44 24 13429.20000
44 25 27879.50000
44 26 14794.30000
44 27 219819.60000
44 28 24738.87500
44 29 16086.75000
44 30 26395.87500
44 31 7478.62500
44 32 12670.70000
44 33 19779.37500
44 34 803126.40000
44 35 8848.12500
44 36 14319.75000
44 37 219984.67500
44 38 117123.02500
44 39 54285.00000
44 40 18261.40000
44 41 63289.65000
44 42 51661.25000
44 43 15097.50000
44 44 7275.00000
44 45 139110.07500
44 46 59519.60000
44 47 16305.90000
44 48 1850.97500
44 49 82825.80000
44 50 6998.55000
45 1 8845.77500
45 2 5984.51250
45 3 66066.00000
45 4 142841.73750
45 5 2040.18750
45 6 52622.86250
45 7 266358.37500
45 8 108940.83750
45 9 1977.11250
45 10 1986.00000
45 11 477721.56250
45 12 84557.90000
45 13 139911.37500
45 14 14963.16250
45 15 48346.68750
45 16 36497.85000
45 17 17709.92500
45 18 282712.30000
45 19 22071.08750
45 20 12180.18750
45 21 3108.87500
45 22 67091.96250
45 23 50189.21250
45 24 31946.60000
45 25 64804.57500
45 26 33148.16250
45 27 183947.40000
45 28 53033.51250
45 29 42325.62500
45 30 56547.56250
45 31 21757.31250
45 32 30199.57500
45 33 62514.81250
45 34 1415639.40000
45 35 24582.18750
45 36 27353.92500
45 37 394035.96250
45 38 218284.78750
45 39 34060.31250
45 40 35444.50000
45 41 143032.08750
45 42 93199.68750
45 43 13994.06250
45 44 38943.75000
45 45 68042.36250
45 46 38748.21250
45 47 12767.77500
45 48 2678.46250
45 49 155275.50000
45 50 17196.67500
46 1 11656.27500
46 2 6919.76250
46 3 66973.20000
46 4 137025.78750
46 5 1600.76250
46 6 53852.66250
46 7 256048.87500
46 8 104203.68750
46 9 1509.33750
46 10 2088.40000
46 11 453818.31250
46 12 81009.70000
46 13 133534.27500
46 14 15041.81250
46 15 54681.18750
46 16 38302.65000
46 17 17551.72500
46 18 269592.70000
46 19 18497.46250
46 20 16314.18750
46 21 2532.22500
46 22 77038.23750
46 23 48040.31250
46 24 32615.40000
46 25 63420.77500
46 26 32667.93750
46 27 276549.00000
46 28 52629.61250
46 29 43386.02500
46 30 57636.56250
46 31 23235.71250
46 32 29780.97500
46 33 69570.31250
46 34 1359472.20000
46 35 28075.93750
46 36 27097.72500
46 37 378067.11250
46 38 208713.56250
46 39 23696.81250
46 40 34157.10000
46 41 141855.38750
46 42 81191.93750
46 43 15320.93750
46 44 47856.25000
46 45 115551.56250
46 46 21302.81250
46 47 8172.37500
46 48 3717.26250
46 49 148907.10000
46 50 18323.32500
47 1 9977.27500
47 2 5919.26250
47 3 59161.20000
47 4 121516.58750
47 5 1240.38750
47 6 47354.28750
47 7 228497.62500
47 8 91544.06250
47 9 1125.71250
47 10 1720.40000
47 11 389938.93750
47 12 70500.70000
47 13 116492.02500
47 14 13379.43750
47 15 47531.81250
47 16 31816.65000
47 17 14924.47500
47 18 234531.70000
47 19 15556.33750
47 20 14559.18750
47 21 2090.47500
47 22 67697.21250
47 23 41634.93750
47 24 29081.40000
47 25 53958.02500
47 26 28750.31250
47 27 279934.20000
47 28 45921.98750
47 29 37782.77500
47 30 51882.18750
47 31 20550.33750
47 32 26037.72500
47 33 61607.18750
47 34 1209370.20000
47 35 24330.31250
47 36 22842.97500
47 37 335391.73750
47 38 182987.43750
47 39 24243.18750
47 40 30344.10000
47 41 122313.76250
47 42 68206.81250
47 43 12357.81250
47 44 42043.75000
47 45 117288.33750
47 46 24143.18750
47 47 5591.62500
47 48 4040.66250
47 49 131888.10000
47 50 15742.57500
48 1 5301.62500
48 2 3574.61250
48 3 44864.40000
48 4 110118.66250
48 5 2003.76250
48 6 34986.41250
48 7 214099.87500
48 8 84928.38750
48 9 2149.53750
48 10 1628.40000
48 11 356556.81250
48 12 62387.30000
48 13 107586.07500
48 14 10451.51250
48 15 28374.56250
48 16 27205.95000
48 17 13365.07500
48 18 216209.50000
48 19 17561.36250
48 20 5847.56250
48 21 2723.17500
48 22 40884.63750
48 23 36675.93750
48 24 22522.60000
48 25 43640.57500
48 26 23156.11250
48 27 151733.40000
48 28 39055.68750
48 29 28046.37500
48 30 41202.56250
48 31 14388.41250
48 32 20660.32500
48 33 40269.43750
48 34 1121245.80000
48 35 15579.68750
48 36 21406.42500
48 37 310337.16250
48 38 167828.38750
48 39 45428.43750
48 40 26490.10000
48 41 103360.48750
48 42 73289.16250
48 43 14935.93750
48 44 22706.25000
48 45 104178.48750
48 46 50567.83750
48 47 17640.67500
48 48 1087.18750
48 49 119151.30000
48 50 11047.27500
49 1 8663.27500
49 2 4385.88750
49 3 16203.60000
49 4 12183.41250
49 5 1836.36250
49 6 15197.81250
49 7 46244.62500
49 8 20704.61250
49 9 2144.58750
49 10 1668.40000
49 11 149807.43750
49 12 19673.30000
49 13 27615.77500
49 14 2868.93750
49 15 26698.68750
49 16 29842.65000
49 17 8184.02500
49 18 69254.90000
49 19 9863.83750
49 20 11614.68750
49 21 1643.02500
49 22 36405.78750
49 23 13492.61250
49 24 8227.00000
49 25 30250.27500
49 26 7022.23750
49 27 352989.00000
49 28 14201.41250
49 29 15128.77500
49 30 17925.18750
49 31 7608.56250
49 32 8448.47500
49 33 24685.68750
49 34 178024.20000
49 35 14222.81250
49 36 14443.27500
49 37 42170.61250
49 38 34439.81250
49 39 59070.18750
49 40 3636.70000
49 41 50787.21250
49 42 41538.43750
49 43 17905.93750
49 44 25093.75000
49 45 187935.86250
49 46 59235.56250
49 47 16219.87500
49 48 3300.76250
49 49 11949.90000
49 50 9376.72500
50 1 3947.47500
50 2 1538.81250
50 3 22621.20000
50 4 58878.13750
50 5 1237.28750
50 6 16483.51250
50 7 120958.87500
50 8 42130.68750
50 9 1511.81250
50 10 837.20000
50 11 140603.31250
50 12 26656.70000
50 13 49972.27500
50 14 5718.21250
50 15 11815.68750
50 16 13261.05000
50 17 4483.27500
50 18 97680.70000
50 19 7618.46250
50 20 5613.56250
50 21 1229.77500
50 22 20830.68750
50 23 14897.66250
50 24 12293.00000
50 25 11650.37500
50 26 11361.11250
50 27 210046.20000
50 28 16091.08750
50 29 11164.32500
50 30 24545.81250
50 31 8162.96250
50 32 9382.27500
50 33 21808.68750
50 34 610899.00000
50 35 4326.56250
50 36 7022.62500
50 37 165240.88750
50 38 80359.56250
50 39 41092.68750
50 40 14436.10000
50 41 35364.03750
50 42 29391.06250
50 43 9951.56250
50 44 12993.75000
50 45 125748.11250
50 46 45803.33750
50 47 12151.72500
50 48 1792.78750
50 49 63080.10000
50 50 2000.77500
